{
 "cells": [
  {
   "cell_type": "markdown",
   "id": "4b912391",
   "metadata": {},
   "source": [
    "# 포트폴리오 만들기"
   ]
  },
  {
   "cell_type": "code",
   "execution_count": 69,
   "id": "a4b76ff3",
   "metadata": {
    "ExecuteTime": {
     "end_time": "2022-04-27T13:34:25.273654Z",
     "start_time": "2022-04-27T13:34:25.269529Z"
    }
   },
   "outputs": [],
   "source": [
    "import numpy as np\n",
    "import pandas as pd\n",
    "import matplotlib.pyplot as plt\n",
    "from pykrx import stock"
   ]
  },
  {
   "cell_type": "code",
   "execution_count": 70,
   "id": "1cef6ae3",
   "metadata": {
    "ExecuteTime": {
     "end_time": "2022-04-27T13:34:28.260000Z",
     "start_time": "2022-04-27T13:34:28.246788Z"
    }
   },
   "outputs": [],
   "source": [
    "#삼성전자, SK하이닉스,  삼성바이오로직스, NAVER, 현대차\n",
    "stocks = ['005930', '000660', '207940', '035420','005380']"
   ]
  },
  {
   "cell_type": "code",
   "execution_count": 71,
   "id": "8324c6f3",
   "metadata": {
    "ExecuteTime": {
     "end_time": "2022-04-27T13:34:31.517005Z",
     "start_time": "2022-04-27T13:34:31.149844Z"
    }
   },
   "outputs": [],
   "source": [
    "df = pd.DataFrame()\n",
    "for s in stocks: \n",
    "    df[s] = stock.get_market_ohlcv_by_date(\"20170101\", \"20211231\", s)['종가'] #약 5년간데이터\n",
    "df.columns = ['삼성전자', 'SK하이닉스',  '삼성바이오로직스', 'NAVER','현대차']"
   ]
  },
  {
   "cell_type": "code",
   "execution_count": 72,
   "id": "2249a158",
   "metadata": {
    "ExecuteTime": {
     "end_time": "2022-04-27T13:34:34.264701Z",
     "start_time": "2022-04-27T13:34:34.242812Z"
    }
   },
   "outputs": [
    {
     "data": {
      "text/html": [
       "<div>\n",
       "<style scoped>\n",
       "    .dataframe tbody tr th:only-of-type {\n",
       "        vertical-align: middle;\n",
       "    }\n",
       "\n",
       "    .dataframe tbody tr th {\n",
       "        vertical-align: top;\n",
       "    }\n",
       "\n",
       "    .dataframe thead th {\n",
       "        text-align: right;\n",
       "    }\n",
       "</style>\n",
       "<table border=\"1\" class=\"dataframe\">\n",
       "  <thead>\n",
       "    <tr style=\"text-align: right;\">\n",
       "      <th></th>\n",
       "      <th>삼성전자</th>\n",
       "      <th>SK하이닉스</th>\n",
       "      <th>삼성바이오로직스</th>\n",
       "      <th>NAVER</th>\n",
       "      <th>현대차</th>\n",
       "    </tr>\n",
       "    <tr>\n",
       "      <th>날짜</th>\n",
       "      <th></th>\n",
       "      <th></th>\n",
       "      <th></th>\n",
       "      <th></th>\n",
       "      <th></th>\n",
       "    </tr>\n",
       "  </thead>\n",
       "  <tbody>\n",
       "    <tr>\n",
       "      <th>2017-01-02</th>\n",
       "      <td>36100</td>\n",
       "      <td>45800</td>\n",
       "      <td>154668</td>\n",
       "      <td>155620</td>\n",
       "      <td>150000</td>\n",
       "    </tr>\n",
       "    <tr>\n",
       "      <th>2017-01-03</th>\n",
       "      <td>36480</td>\n",
       "      <td>47250</td>\n",
       "      <td>156151</td>\n",
       "      <td>153617</td>\n",
       "      <td>153000</td>\n",
       "    </tr>\n",
       "    <tr>\n",
       "      <th>2017-01-04</th>\n",
       "      <td>36160</td>\n",
       "      <td>46500</td>\n",
       "      <td>152692</td>\n",
       "      <td>162230</td>\n",
       "      <td>154000</td>\n",
       "    </tr>\n",
       "    <tr>\n",
       "      <th>2017-01-05</th>\n",
       "      <td>35560</td>\n",
       "      <td>46950</td>\n",
       "      <td>155657</td>\n",
       "      <td>158424</td>\n",
       "      <td>153500</td>\n",
       "    </tr>\n",
       "    <tr>\n",
       "      <th>2017-01-06</th>\n",
       "      <td>36200</td>\n",
       "      <td>48000</td>\n",
       "      <td>155657</td>\n",
       "      <td>160026</td>\n",
       "      <td>151000</td>\n",
       "    </tr>\n",
       "    <tr>\n",
       "      <th>...</th>\n",
       "      <td>...</td>\n",
       "      <td>...</td>\n",
       "      <td>...</td>\n",
       "      <td>...</td>\n",
       "      <td>...</td>\n",
       "    </tr>\n",
       "    <tr>\n",
       "      <th>2021-12-24</th>\n",
       "      <td>80500</td>\n",
       "      <td>128000</td>\n",
       "      <td>874642</td>\n",
       "      <td>384000</td>\n",
       "      <td>215500</td>\n",
       "    </tr>\n",
       "    <tr>\n",
       "      <th>2021-12-27</th>\n",
       "      <td>80200</td>\n",
       "      <td>126000</td>\n",
       "      <td>875631</td>\n",
       "      <td>380500</td>\n",
       "      <td>213500</td>\n",
       "    </tr>\n",
       "    <tr>\n",
       "      <th>2021-12-28</th>\n",
       "      <td>80300</td>\n",
       "      <td>127500</td>\n",
       "      <td>880572</td>\n",
       "      <td>384500</td>\n",
       "      <td>214000</td>\n",
       "    </tr>\n",
       "    <tr>\n",
       "      <th>2021-12-29</th>\n",
       "      <td>78800</td>\n",
       "      <td>127000</td>\n",
       "      <td>879584</td>\n",
       "      <td>382000</td>\n",
       "      <td>212000</td>\n",
       "    </tr>\n",
       "    <tr>\n",
       "      <th>2021-12-30</th>\n",
       "      <td>78300</td>\n",
       "      <td>131000</td>\n",
       "      <td>892432</td>\n",
       "      <td>378500</td>\n",
       "      <td>209000</td>\n",
       "    </tr>\n",
       "  </tbody>\n",
       "</table>\n",
       "<p>1229 rows × 5 columns</p>\n",
       "</div>"
      ],
      "text/plain": [
       "             삼성전자  SK하이닉스  삼성바이오로직스   NAVER     현대차\n",
       "날짜                                                 \n",
       "2017-01-02  36100   45800    154668  155620  150000\n",
       "2017-01-03  36480   47250    156151  153617  153000\n",
       "2017-01-04  36160   46500    152692  162230  154000\n",
       "2017-01-05  35560   46950    155657  158424  153500\n",
       "2017-01-06  36200   48000    155657  160026  151000\n",
       "...           ...     ...       ...     ...     ...\n",
       "2021-12-24  80500  128000    874642  384000  215500\n",
       "2021-12-27  80200  126000    875631  380500  213500\n",
       "2021-12-28  80300  127500    880572  384500  214000\n",
       "2021-12-29  78800  127000    879584  382000  212000\n",
       "2021-12-30  78300  131000    892432  378500  209000\n",
       "\n",
       "[1229 rows x 5 columns]"
      ]
     },
     "execution_count": 72,
     "metadata": {},
     "output_type": "execute_result"
    }
   ],
   "source": [
    "df"
   ]
  },
  {
   "cell_type": "code",
   "execution_count": 73,
   "id": "4dd38143",
   "metadata": {
    "ExecuteTime": {
     "end_time": "2022-04-27T13:34:37.042781Z",
     "start_time": "2022-04-27T13:34:37.030217Z"
    }
   },
   "outputs": [],
   "source": [
    "daily_ret = np.log(df/df.shift(1))        #일간수익률\n",
    "annual_ret = daily_ret.mean() * 252 #연간수익률 #252는 주식시장이 여는 총 252일을 뜻한다.\n",
    "daily_cov = daily_ret.cov()         #일간변동률의 공분산\n",
    "annual_cov = daily_cov * 252        #연간공분산"
   ]
  },
  {
   "cell_type": "code",
   "execution_count": 74,
   "id": "bc9e4101",
   "metadata": {
    "ExecuteTime": {
     "end_time": "2022-04-27T13:34:39.814307Z",
     "start_time": "2022-04-27T13:34:39.801655Z"
    }
   },
   "outputs": [
    {
     "data": {
      "text/plain": [
       "삼성전자        0.158886\n",
       "SK하이닉스      0.215660\n",
       "삼성바이오로직스    0.359668\n",
       "NAVER       0.182392\n",
       "현대차         0.068069\n",
       "dtype: float64"
      ]
     },
     "execution_count": 74,
     "metadata": {},
     "output_type": "execute_result"
    }
   ],
   "source": [
    "annual_ret"
   ]
  },
  {
   "cell_type": "markdown",
   "id": "ec41eb74",
   "metadata": {},
   "source": [
    "## 몬테카를로 시뮬레이션"
   ]
  },
  {
   "cell_type": "code",
   "execution_count": 75,
   "id": "8adcc7ee",
   "metadata": {
    "ExecuteTime": {
     "end_time": "2022-04-27T13:34:49.867333Z",
     "start_time": "2022-04-27T13:34:45.374424Z"
    }
   },
   "outputs": [
    {
     "name": "stdout",
     "output_type": "stream",
     "text": [
      "[0.09848244 0.17050919 0.06312242 0.23646313 0.43142281]\n",
      "[0.0160408  0.1584217  0.08180653 0.35674344 0.38698754]\n",
      "[0.01810836 0.19197755 0.39467179 0.07551871 0.3197236 ]\n",
      "[0.04959116 0.36270984 0.09688737 0.09514475 0.39566688]\n",
      "[0.1626814  0.28823717 0.18009369 0.26945374 0.09953399]\n",
      "[0.16405547 0.34671292 0.25630737 0.00638863 0.22653561]\n",
      "[0.0614054  0.29994043 0.25629681 0.08606424 0.29629312]\n",
      "[0.11640863 0.29029701 0.15602827 0.33761717 0.09964892]\n",
      "[0.15783399 0.10435087 0.2865463  0.26064311 0.19062572]\n",
      "[0.04609189 0.31814773 0.12218346 0.17184656 0.34173036]\n",
      "[0.24318047 0.1735255  0.18790155 0.1621148  0.23327768]\n",
      "[0.0781438  0.40497578 0.10151699 0.29534505 0.12001837]\n",
      "[0.29409396 0.25843199 0.02925643 0.17778331 0.24043431]\n",
      "[0.03166225 0.1132243  0.24175947 0.28298091 0.33037307]\n",
      "[0.18245491 0.10074781 0.31736645 0.20476573 0.1946651 ]\n",
      "[0.18996045 0.2382323  0.18236842 0.22327766 0.16616117]\n",
      "[0.01986231 0.12161525 0.3041921  0.06087836 0.49345198]\n",
      "[0.12080649 0.20579086 0.23596375 0.31341913 0.12401978]\n",
      "[0.01216886 0.40302595 0.18558488 0.38973047 0.00948984]\n",
      "[0.14359599 0.28824336 0.03218512 0.04328877 0.49268677]\n",
      "[0.3437238  0.35330511 0.03608484 0.22997676 0.03690949]\n",
      "[0.29858284 0.0753696  0.16719227 0.25510064 0.20375466]\n",
      "[0.41680351 0.04009381 0.11919135 0.36882278 0.05508856]\n",
      "[0.10868484 0.30509376 0.09395877 0.19520495 0.29705767]\n",
      "[0.01890029 0.18541558 0.22972017 0.29228997 0.27367399]\n",
      "[0.05326705 0.48491968 0.12939625 0.16556456 0.16685245]\n",
      "[0.05843861 0.28057199 0.17951575 0.40393532 0.07753833]\n",
      "[0.31887806 0.26127798 0.13920377 0.05093188 0.22970831]\n",
      "[0.06091448 0.03986933 0.32036525 0.29635877 0.28249218]\n",
      "[0.183399   0.05535766 0.00327625 0.2155588  0.54240829]\n",
      "[0.10742662 0.20458955 0.25985671 0.26103364 0.16709349]\n",
      "[0.22340281 0.06356404 0.28436899 0.17683753 0.25182663]\n",
      "[0.16705084 0.03975169 0.49494028 0.23432633 0.06393085]\n",
      "[0.21386651 0.31087515 0.08017698 0.0331558  0.36192557]\n",
      "[0.23677769 0.08337642 0.09379105 0.15818163 0.42787321]\n",
      "[0.13754966 0.26143413 0.24979972 0.10517277 0.24604372]\n",
      "[0.2122588  0.13490299 0.30490402 0.19287403 0.15506016]\n",
      "[0.24121724 0.11691226 0.21957857 0.21705227 0.20523966]\n",
      "[0.27354075 0.25811214 0.0318956  0.02932508 0.40712643]\n",
      "[0.26812454 0.28472594 0.23737514 0.09426677 0.11550761]\n",
      "[0.16545152 0.23799492 0.21360718 0.16606695 0.21687944]\n",
      "[0.10546332 0.27190163 0.10399727 0.316438   0.20219978]\n",
      "[0.24499061 0.19973551 0.0574568  0.18589116 0.31192592]\n",
      "[0.33882884 0.17851407 0.36074371 0.10974087 0.01217252]\n",
      "[0.01012834 0.22770586 0.06665115 0.36908293 0.32643172]\n",
      "[0.23191645 0.29825852 0.16600273 0.0535411  0.25028119]\n",
      "[0.2874715  0.26837974 0.17931781 0.0563919  0.20843906]\n",
      "[0.15682391 0.41492486 0.12840022 0.05043334 0.24941767]\n",
      "[0.0901813  0.15852915 0.0458049  0.38924554 0.31623911]\n",
      "[0.27772253 0.27205153 0.08530798 0.06109988 0.30381808]\n",
      "[0.01223496 0.24448427 0.07050937 0.34377335 0.32899804]\n",
      "[0.27210107 0.00652513 0.25430658 0.18398616 0.28308106]\n",
      "[0.22793859 0.16711067 0.1591789  0.2880943  0.15767754]\n",
      "[0.43487576 0.07347135 0.07795729 0.38214537 0.03155023]\n",
      "[0.12573463 0.06894619 0.4087512  0.33310251 0.06346547]\n",
      "[0.33059223 0.17776678 0.16238633 0.28339449 0.04586017]\n",
      "[0.19941815 0.21446516 0.21016402 0.23664829 0.13930438]\n",
      "[0.22142059 0.32664645 0.05877513 0.02192765 0.37123018]\n",
      "[0.04975474 0.26048049 0.25739552 0.1443957  0.28797356]\n",
      "[0.21303841 0.37727824 0.06292553 0.06608458 0.28067323]\n",
      "[0.09066184 0.30871278 0.0685702  0.35845771 0.17359747]\n",
      "[0.21523305 0.15261606 0.2511724  0.08238375 0.29859474]\n",
      "[0.21647437 0.16003591 0.36893681 0.21740682 0.03714609]\n",
      "[0.43814679 0.01521967 0.40212159 0.01442167 0.13009028]\n",
      "[0.15844897 0.17879147 0.21881155 0.14081549 0.30313252]\n",
      "[0.25538289 0.12057666 0.1243681  0.22586143 0.27381092]\n",
      "[0.08558403 0.30999696 0.33245585 0.07291965 0.19904351]\n",
      "[0.20237317 0.20917933 0.24672896 0.16923859 0.17247995]\n",
      "[0.33372942 0.14081891 0.01410038 0.29734715 0.21400414]\n",
      "[0.20110941 0.174611   0.26373481 0.21887908 0.1416657 ]\n",
      "[0.23065875 0.19565432 0.22376941 0.15751108 0.19240644]\n",
      "[0.00531785 0.32874413 0.2414172  0.22950629 0.19501453]\n",
      "[0.26856744 0.12278488 0.26293584 0.17621191 0.16949994]\n",
      "[0.19509983 0.15561486 0.22045269 0.20874557 0.22008704]\n",
      "[0.29002546 0.23102603 0.1154575  0.05359016 0.30990084]\n",
      "[0.25371264 0.02174254 0.27956372 0.13415551 0.31082559]\n",
      "[0.06515776 0.39558409 0.32790469 0.15588027 0.05547319]\n",
      "[0.36286764 0.45641693 0.11288961 0.00634221 0.06148361]\n",
      "[0.43204665 0.20140768 0.04285472 0.26444129 0.05924966]\n",
      "[0.19507345 0.23606745 0.23960889 0.22938384 0.09986637]\n",
      "[0.16826564 0.25834495 0.11825312 0.32249732 0.13263897]\n",
      "[0.34050145 0.19108548 0.09996423 0.3395595  0.02888933]\n",
      "[0.13321435 0.1980675  0.05040874 0.32967855 0.28863086]\n",
      "[0.22876412 0.41055743 0.01290109 0.09584468 0.25193268]\n",
      "[0.32764741 0.06196714 0.03542038 0.50605535 0.06890972]\n",
      "[0.3097151  0.02061341 0.31097643 0.0737615  0.28493357]\n",
      "[0.14143465 0.27291473 0.33018606 0.15529018 0.10017438]\n",
      "[0.03003006 0.38856344 0.09038451 0.22302895 0.26799304]\n",
      "[0.17169275 0.01806154 0.29539536 0.38115154 0.13369882]\n",
      "[0.32678318 0.27198634 0.10800941 0.02035089 0.27287018]\n",
      "[0.07982582 0.29476491 0.25474988 0.05979126 0.31086813]\n",
      "[0.06985228 0.18591327 0.00334466 0.34419133 0.39669846]\n",
      "[0.28018678 0.17407776 0.22247565 0.08445823 0.23880158]\n",
      "[0.31325285 0.24726028 0.10212874 0.19466398 0.14269415]\n",
      "[0.17322154 0.11403693 0.55696996 0.01306463 0.14270694]\n",
      "[0.11729057 0.10866116 0.21287872 0.24835866 0.31281088]\n",
      "[0.32866718 0.12027373 0.06882792 0.24379377 0.2384374 ]\n",
      "[0.29022195 0.11664839 0.14802973 0.27304215 0.17205779]\n",
      "[0.11011974 0.02697557 0.21806734 0.09977069 0.54506666]\n",
      "[0.33058186 0.33091726 0.124836   0.05807858 0.1555863 ]\n",
      "[0.17625306 0.36057772 0.19448131 0.04271502 0.22597289]\n",
      "[0.00809677 0.12702521 0.41477648 0.3631371  0.08696443]\n",
      "[0.15425783 0.20828282 0.20658623 0.16564008 0.26523305]\n",
      "[0.17679542 0.28483049 0.12885557 0.22311733 0.18640119]\n",
      "[0.06559212 0.3118422  0.26331597 0.08574425 0.27350546]\n",
      "[0.13721309 0.14625828 0.31655837 0.38400091 0.01596936]\n",
      "[0.03491248 0.10105844 0.36881003 0.2099317  0.28528735]\n",
      "[0.21379967 0.19934765 0.34717065 0.00861329 0.23106874]\n",
      "[0.02108465 0.36074915 0.43072998 0.16498259 0.02245363]\n",
      "[0.00755245 0.24095112 0.13009669 0.32576268 0.29563706]\n",
      "[0.22348625 0.22080565 0.14012714 0.23316689 0.18241408]\n",
      "[0.26037269 0.14659459 0.41738695 0.03366615 0.14197963]\n",
      "[0.30740884 0.21157324 0.00754338 0.21977157 0.25370296]\n",
      "[0.11720557 0.02100068 0.36257899 0.11139546 0.3878193 ]\n",
      "[0.33815062 0.06083111 0.20434981 0.10851376 0.2881547 ]\n",
      "[0.18767094 0.06576661 0.12292779 0.41049634 0.21313833]\n",
      "[0.40236192 0.00096326 0.17727927 0.39952057 0.01987497]\n",
      "[0.32011344 0.15612488 0.25613767 0.07419932 0.19342468]\n",
      "[0.11511321 0.499247   0.03474643 0.19559709 0.15529627]\n",
      "[0.27375062 0.22870933 0.07578136 0.24362814 0.17813056]\n",
      "[0.0217178  0.38770404 0.3095728  0.25386199 0.02714337]\n",
      "[0.08035241 0.12544355 0.1527461  0.25126547 0.39019247]\n",
      "[0.12382446 0.23418519 0.28730975 0.24292155 0.11175905]\n",
      "[0.0446444  0.23970876 0.19818339 0.17109996 0.34636349]\n",
      "[0.25880445 0.15444949 0.07213281 0.19357388 0.32103936]\n",
      "[0.23473666 0.32993399 0.18453549 0.20430829 0.04648557]\n",
      "[0.07136709 0.30211543 0.20836447 0.06773212 0.3504209 ]\n",
      "[0.01861893 0.28940854 0.46125895 0.13154768 0.0991659 ]\n",
      "[0.14773024 0.42552137 0.29776082 0.05352586 0.07546172]\n",
      "[0.09149659 0.37742812 0.31062136 0.00090495 0.21954897]\n",
      "[0.15310551 0.08900443 0.26347748 0.27900948 0.2154031 ]\n",
      "[0.43540565 0.15493318 0.08955599 0.06518936 0.25491582]\n",
      "[0.10949829 0.28755495 0.23102261 0.11795553 0.25396861]\n",
      "[0.20768309 0.20382588 0.1065124  0.23123258 0.25074605]\n",
      "[0.05670353 0.24324694 0.36112337 0.23991067 0.09901548]\n",
      "[0.18068602 0.22985862 0.22973052 0.22992252 0.12980233]\n",
      "[0.30005407 0.33027287 0.29513851 0.05387147 0.02066308]\n",
      "[0.3265383  0.08206737 0.08603869 0.26302339 0.24233224]\n",
      "[0.2901458  0.12633844 0.38815064 0.14298033 0.05238479]\n",
      "[0.26178279 0.08046426 0.21297321 0.38792499 0.05685475]\n",
      "[0.32766101 0.02578111 0.08386294 0.26672354 0.29597141]\n",
      "[0.19598912 0.16791918 0.25979216 0.2912804  0.08501914]\n",
      "[0.28256229 0.13467034 0.13790509 0.27796831 0.16689398]\n",
      "[0.28367512 0.21177217 0.175464   0.23564228 0.09344643]\n",
      "[0.22318321 0.32916548 0.17150757 0.22372813 0.05241561]\n",
      "[0.2440092  0.33422926 0.03174616 0.02939723 0.36061815]\n",
      "[0.27630966 0.29918406 0.10355612 0.2087692  0.11218095]\n",
      "[0.17164207 0.36485412 0.06290436 0.32890347 0.07169598]\n",
      "[0.326015   0.09148781 0.03146346 0.23180917 0.31922456]\n",
      "[0.05372501 0.28191118 0.22584181 0.33661518 0.10190681]\n",
      "[0.14998132 0.24505555 0.29784805 0.20313657 0.1039785 ]\n",
      "[0.30849436 0.27267538 0.08526211 0.1646526  0.16891555]\n",
      "[0.00464179 0.43223518 0.41593414 0.11121272 0.03597617]\n",
      "[0.16534719 0.00140663 0.27578239 0.35164071 0.20582308]\n",
      "[0.35396875 0.2425369  0.29510277 0.0554307  0.05296088]\n",
      "[0.29138447 0.13914943 0.22230838 0.21777911 0.12937862]\n",
      "[0.36978924 0.09202318 0.22976999 0.22835975 0.08005784]\n",
      "[0.29103313 0.25288523 0.05159583 0.28862835 0.11585747]\n",
      "[0.18283726 0.2253424  0.26241823 0.12792164 0.20148048]\n",
      "[0.18757172 0.01563506 0.27364849 0.2477862  0.27535853]\n",
      "[0.13984459 0.31715665 0.41357775 0.12720427 0.00221675]\n",
      "[0.32991188 0.09313249 0.12025925 0.09968801 0.35700837]\n",
      "[0.24779427 0.12562913 0.00137504 0.08808334 0.53711822]\n",
      "[0.12982849 0.15463847 0.25570502 0.22856567 0.23126235]\n",
      "[0.37180509 0.20754714 0.07107161 0.18823688 0.16133928]\n",
      "[0.14388188 0.07221265 0.25364716 0.05261861 0.4776397 ]\n",
      "[0.30282556 0.19476841 0.09385022 0.10223527 0.30632053]\n",
      "[0.23792526 0.35209467 0.05854368 0.34366855 0.00776783]\n",
      "[0.20210773 0.02403268 0.28211742 0.24010663 0.25163554]\n",
      "[0.02279458 0.20936876 0.43652993 0.19200037 0.13930635]\n",
      "[0.25277582 0.10946789 0.28196309 0.20415522 0.15163798]\n",
      "[0.09814652 0.232543   0.21311037 0.18738566 0.26881445]\n",
      "[0.2351062  0.29319971 0.13665762 0.04283835 0.29219811]\n",
      "[0.21994791 0.06024048 0.25911744 0.40301137 0.05768281]\n",
      "[0.2236081  0.32247096 0.23585083 0.19227536 0.02579476]\n",
      "[0.13545952 0.21477829 0.12446025 0.39607896 0.12922299]\n",
      "[0.18940566 0.20387308 0.17320112 0.23853164 0.19498849]\n",
      "[0.11819943 0.36833298 0.04221145 0.28397348 0.18728265]\n",
      "[0.0357159  0.41900012 0.00810696 0.16252702 0.37465001]\n",
      "[0.18094314 0.09342573 0.25792149 0.23919402 0.22851562]\n",
      "[0.19001597 0.26126221 0.21523035 0.19129981 0.14219166]\n",
      "[0.04122742 0.17353957 0.19307866 0.29183297 0.30032138]\n",
      "[0.20845016 0.06847911 0.28563696 0.14785054 0.28958322]\n",
      "[0.26776713 0.10876702 0.34263282 0.23012887 0.05070416]\n",
      "[0.1452844  0.19629289 0.31930831 0.02316288 0.31595153]\n",
      "[0.23332776 0.15503245 0.23360419 0.01356779 0.36446781]\n",
      "[0.04560181 0.13948388 0.49889938 0.19188251 0.12413241]\n",
      "[0.27572406 0.27073015 0.08272059 0.16233877 0.20848643]\n",
      "[0.22187954 0.26994662 0.06850412 0.17672479 0.26294493]\n",
      "[0.3564586  0.02730446 0.28990051 0.08139834 0.2449381 ]\n",
      "[0.27025417 0.1009787  0.22080708 0.16352284 0.2444372 ]\n",
      "[0.03965835 0.03345707 0.45331282 0.41263982 0.06093194]\n",
      "[0.14018951 0.15766168 0.29764904 0.35437731 0.05012246]\n",
      "[0.10806559 0.28130753 0.26307523 0.29456497 0.05298668]\n",
      "[0.25095604 0.20221494 0.31105406 0.07540297 0.160372  ]\n",
      "[0.17894562 0.23568192 0.19990541 0.33988876 0.04557829]\n",
      "[0.00202851 0.39146815 0.28588915 0.18768034 0.13293386]\n",
      "[0.29887609 0.1691502  0.19289671 0.12959434 0.20948265]\n",
      "[0.06929242 0.4899476  0.06614473 0.04189316 0.33272208]\n",
      "[0.13835168 0.06142177 0.20396024 0.29872536 0.29754096]\n",
      "[0.30852937 0.03572906 0.23890293 0.17101574 0.2458229 ]\n",
      "[0.1163403  0.05553219 0.48721894 0.18551362 0.15539495]\n",
      "[0.05975035 0.07671836 0.48097906 0.12410876 0.25844348]\n",
      "[0.23300657 0.01205669 0.2830901  0.37545926 0.09638739]\n",
      "[0.16556268 0.22708252 0.26463833 0.11101473 0.23170174]\n",
      "[0.21222126 0.37134722 0.1597529  0.15254439 0.10413423]\n",
      "[0.21931077 0.14145664 0.27856289 0.20121146 0.15945823]\n",
      "[0.19400587 0.0944315  0.24807797 0.27634998 0.18713469]\n",
      "[0.25464783 0.34259213 0.03735652 0.33211433 0.03328919]\n",
      "[0.17231897 0.29650797 0.31494265 0.15171933 0.06451109]\n",
      "[0.29768253 0.20840019 0.23935314 0.07200402 0.18256012]\n",
      "[0.28096267 0.33280397 0.01001528 0.32091532 0.05530276]\n",
      "[0.00610355 0.18387335 0.0089363  0.41668448 0.38440233]\n",
      "[0.07057816 0.29917858 0.09021725 0.28798532 0.25204068]\n",
      "[0.07394167 0.10477631 0.36916747 0.2380264  0.21408815]\n",
      "[0.09782402 0.23104338 0.08248251 0.25517747 0.33347261]\n",
      "[0.02061663 0.0344319  0.42504788 0.07203724 0.44786636]\n",
      "[0.16021719 0.32977618 0.28620641 0.01877987 0.20502035]\n",
      "[0.15955698 0.3624607  0.05525524 0.25991471 0.16281238]\n",
      "[0.10164112 0.14296528 0.21106758 0.28814622 0.2561798 ]\n",
      "[0.02240312 0.25632533 0.47478819 0.04562222 0.20086114]\n",
      "[0.39045477 0.15392951 0.29621469 0.07420585 0.08519518]\n",
      "[0.16463844 0.07818429 0.18708689 0.36004293 0.21004746]\n",
      "[0.44170117 0.03429909 0.0506273  0.21689909 0.25647335]\n",
      "[0.07019664 0.06149673 0.39940036 0.03858255 0.43032372]\n",
      "[0.27865984 0.2413433  0.33368994 0.0745551  0.07175183]\n",
      "[0.21207722 0.24235576 0.17662831 0.14236778 0.22657092]\n",
      "[0.31777078 0.20326293 0.17006573 0.11812121 0.19077935]\n",
      "[0.08890686 0.13073403 0.36397083 0.02303671 0.39335158]\n",
      "[0.50008487 0.16654718 0.03810844 0.13106361 0.16419589]\n",
      "[0.24180314 0.14689925 0.21703351 0.25108429 0.14317982]\n",
      "[0.28875316 0.33470786 0.04746916 0.17888687 0.15018295]\n",
      "[0.29128473 0.26031015 0.07543152 0.17937603 0.19359757]\n",
      "[0.21495942 0.20713523 0.09972823 0.20901149 0.26916564]\n",
      "[0.19727521 0.21740423 0.26917292 0.11429676 0.20185087]\n",
      "[0.58415576 0.07873702 0.05386496 0.06711856 0.21612368]\n",
      "[0.29337248 0.11249377 0.30621149 0.0139437  0.27397856]\n",
      "[0.24332267 0.19669633 0.28526739 0.13818582 0.1365278 ]\n",
      "[0.27072599 0.06448616 0.18357236 0.22934746 0.25186803]\n",
      "[0.28577576 0.18571015 0.37297234 0.13009801 0.02544374]\n",
      "[0.12723515 0.25250251 0.14509323 0.23099511 0.244174  ]\n",
      "[0.24124796 0.1655309  0.11071885 0.22535796 0.25714433]\n",
      "[0.24821019 0.26117295 0.17987139 0.29730889 0.01343658]\n",
      "[0.2571107  0.25741835 0.16633619 0.20043229 0.11870247]\n",
      "[0.10093345 0.210533   0.32734412 0.11262961 0.24855981]\n",
      "[0.14352076 0.18781232 0.30557783 0.01220093 0.35088815]\n",
      "[0.13785977 0.1230995  0.36257852 0.17239696 0.20406525]\n",
      "[0.0037703  0.44640596 0.36512744 0.01006332 0.17463298]\n",
      "[0.35691474 0.0840328  0.05563702 0.33467461 0.16874083]\n",
      "[0.27824613 0.16396317 0.04462171 0.39919157 0.11397742]\n",
      "[0.2759368  0.21941498 0.24342716 0.06140279 0.19981827]\n",
      "[0.26521864 0.21141811 0.21828557 0.03802608 0.26705161]\n",
      "[0.11231771 0.23599226 0.13086962 0.34774886 0.17307155]\n",
      "[0.17256001 0.26313139 0.2692097  0.16117663 0.13392228]\n",
      "[0.13730711 0.22628786 0.22305241 0.05552488 0.35782774]\n",
      "[0.12259504 0.22153771 0.14943078 0.2198568  0.28657966]\n",
      "[0.27309129 0.20590788 0.1198776  0.11317391 0.28794933]\n",
      "[0.31081297 0.04199741 0.03705022 0.32832541 0.28181399]\n",
      "[0.17336647 0.25132168 0.18120686 0.34804168 0.04606332]\n",
      "[0.22881226 0.43434941 0.00584214 0.06039554 0.27060066]\n",
      "[0.23297921 0.30736174 0.03463311 0.01645592 0.40857001]\n",
      "[0.56179725 0.01568953 0.05207574 0.05248955 0.31794793]\n",
      "[0.31057202 0.04754361 0.19663377 0.19677178 0.24847882]\n",
      "[0.35534753 0.24012745 0.00163075 0.36387914 0.03901512]\n",
      "[0.06365924 0.25258448 0.135315   0.21297097 0.3354703 ]\n",
      "[0.28620281 0.28725689 0.10877232 0.1555376  0.16223039]\n",
      "[0.1908253  0.12026283 0.21546227 0.24739729 0.22605232]\n",
      "[0.30183884 0.08187374 0.25340746 0.27641651 0.08646345]\n",
      "[0.08293905 0.13701709 0.38353386 0.33860607 0.05790393]\n",
      "[0.1319041  0.28033062 0.10600965 0.30197889 0.17977675]\n",
      "[0.14491149 0.19903547 0.09800854 0.29256632 0.26547818]\n",
      "[0.20441215 0.16070506 0.15245308 0.20134434 0.28108537]\n",
      "[0.21514051 0.28949506 0.12691443 0.1577319  0.2107181 ]\n",
      "[0.06958974 0.26233983 0.19297917 0.2310187  0.24407256]\n",
      "[0.35372558 0.10414201 0.29767177 0.06233901 0.18212163]\n",
      "[0.11920359 0.14061142 0.12470913 0.30072825 0.31474761]\n",
      "[0.36530323 0.01254028 0.06667306 0.41680135 0.13868208]\n",
      "[0.03002102 0.05678147 0.74661232 0.11608977 0.05049541]\n",
      "[0.27816248 0.24001209 0.10803031 0.07119445 0.30260068]\n",
      "[0.03497861 0.09606615 0.30592045 0.30376585 0.25926894]\n",
      "[0.05402435 0.30102781 0.22250287 0.14352605 0.27891893]\n",
      "[0.19077951 0.46370442 0.122648   0.12721246 0.09565561]\n",
      "[0.34635021 0.25372721 0.0399934  0.20069766 0.15923152]\n",
      "[0.07374917 0.26490171 0.08732884 0.39693831 0.17708198]\n",
      "[0.21620168 0.05783691 0.27649123 0.25910546 0.19036471]\n",
      "[0.25706153 0.21976348 0.0226799  0.27857019 0.2219249 ]\n",
      "[0.46705528 0.08492249 0.15569508 0.20690496 0.08542219]\n",
      "[0.32751091 0.22865466 0.16779579 0.13855167 0.13748697]\n",
      "[0.28040692 0.04783964 0.22918707 0.09123214 0.35133422]\n",
      "[0.33820135 0.11842292 0.03908372 0.0876754  0.41661661]\n",
      "[0.19335529 0.19850816 0.27351944 0.20245492 0.13216218]\n",
      "[0.21009593 0.20792418 0.02897365 0.28335102 0.26965521]\n",
      "[0.33265111 0.16910737 0.0027425  0.25391044 0.24158858]\n",
      "[0.1603714  0.14508439 0.23180907 0.25907163 0.20366352]\n",
      "[0.01495859 0.20763587 0.29313255 0.1679533  0.31631969]\n",
      "[0.21460755 0.12983614 0.09831455 0.34880541 0.20843634]\n",
      "[0.32237064 0.12469874 0.06973141 0.2144825  0.26871672]\n",
      "[0.33825057 0.06944384 0.16361881 0.31152954 0.11715723]\n",
      "[0.26186047 0.15791982 0.27772012 0.15835467 0.14414491]\n",
      "[0.12382894 0.26696115 0.19101022 0.15084244 0.26735725]\n",
      "[0.28474677 0.00320792 0.09064027 0.39747793 0.22392711]\n",
      "[0.07080272 0.35035037 0.11759307 0.29725982 0.16399401]\n",
      "[0.1148759  0.21665889 0.28302807 0.23081582 0.15462131]\n",
      "[0.12199955 0.08893537 0.19362703 0.30862124 0.28681681]\n",
      "[0.22531321 0.25615391 0.25213816 0.06566701 0.20072771]\n",
      "[0.02467739 0.38221097 0.25629659 0.31990461 0.01691044]\n",
      "[0.20541485 0.21160643 0.09229496 0.25022577 0.24045799]\n",
      "[0.11919419 0.40576492 0.34419487 0.1132651  0.01758093]\n",
      "[0.16325084 0.06588566 0.37417367 0.35074796 0.04594188]\n",
      "[0.20084063 0.14581677 0.26270991 0.22503424 0.16559845]\n",
      "[0.14045236 0.19215807 0.17108066 0.33632063 0.15998828]\n",
      "[0.15664716 0.29325103 0.29288394 0.24526619 0.01195169]\n",
      "[0.11639139 0.22909668 0.14785882 0.27898611 0.22766701]\n",
      "[0.25120388 0.25242896 0.23353422 0.23011856 0.03271438]\n",
      "[0.32622671 0.31126568 0.16904608 0.07348214 0.1199794 ]\n",
      "[0.02492799 0.25364332 0.30778816 0.11363367 0.30000687]\n",
      "[0.23825786 0.28378376 0.24141636 0.0247053  0.21183672]\n",
      "[0.3201112  0.28302608 0.27964093 0.00536534 0.11185644]\n",
      "[0.53697846 0.07428113 0.05163632 0.23220958 0.10489451]\n",
      "[0.26657269 0.15860068 0.03737724 0.3037782  0.23367118]\n",
      "[0.29043248 0.09332066 0.07480381 0.2935117  0.24793135]\n",
      "[0.10772514 0.13264278 0.15405626 0.29268229 0.31289353]\n",
      "[0.25419594 0.1299028  0.18579737 0.28679037 0.14331353]\n",
      "[0.01089906 0.5046162  0.24211142 0.17991117 0.06246215]\n",
      "[0.21830948 0.23411351 0.2640358  0.18788235 0.09565886]\n",
      "[0.14556207 0.27631931 0.23980407 0.09418185 0.2441327 ]\n",
      "[0.04257292 0.05154729 0.41330012 0.34369712 0.14888255]\n",
      "[0.01186344 0.00334064 0.36625204 0.29660524 0.32193864]\n",
      "[0.2323443  0.11902735 0.15594206 0.29425997 0.19842631]\n",
      "[0.23867072 0.13141785 0.08233709 0.29998644 0.2475879 ]\n",
      "[0.29856081 0.34173906 0.17180791 0.12337505 0.06451718]\n",
      "[0.30462772 0.11690071 0.35479728 0.02080835 0.20286595]\n",
      "[0.19841431 0.24249103 0.09227485 0.07178677 0.39503305]\n",
      "[0.28454189 0.14687123 0.04705309 0.31699112 0.20454266]\n",
      "[0.27679835 0.08045443 0.20053806 0.25033572 0.19187344]\n",
      "[0.19214578 0.19820162 0.20121772 0.24283457 0.16560031]\n",
      "[0.14533882 0.22881604 0.24455127 0.17245352 0.20884036]\n",
      "[0.32193099 0.07487846 0.47692897 0.08069599 0.0455656 ]\n",
      "[0.07270864 0.0710102  0.00805754 0.65082242 0.19740119]\n",
      "[0.04099331 0.03928335 0.28765269 0.31193686 0.32013378]\n",
      "[0.27214073 0.19387404 0.08919155 0.00413137 0.44066232]\n",
      "[0.26003153 0.2592878  0.16646083 0.095143   0.21907684]\n",
      "[0.24757742 0.06108801 0.30755237 0.15925026 0.22453194]\n",
      "[0.21258025 0.0486435  0.05068154 0.55353893 0.13455579]\n",
      "[0.22969584 0.41200887 0.19578979 0.07502621 0.08747928]\n",
      "[0.08640609 0.22394722 0.49655753 0.0275901  0.16549905]\n",
      "[0.1722919  0.09488183 0.23222494 0.26985161 0.23074972]\n",
      "[0.14728758 0.13765454 0.28889304 0.21563688 0.21052796]\n",
      "[0.23536996 0.23356524 0.10984019 0.22818061 0.193044  ]\n",
      "[0.07099561 0.24009477 0.42009969 0.1520946  0.11671534]\n",
      "[0.04264657 0.23132646 0.28065473 0.17088325 0.27448898]\n",
      "[0.36498105 0.05708773 0.26497101 0.26830662 0.04465359]\n",
      "[0.21134958 0.17043258 0.10430454 0.42433306 0.08958023]\n",
      "[0.04397081 0.24707752 0.15653462 0.44876683 0.10365023]\n",
      "[0.26235007 0.23315662 0.21739302 0.24701916 0.04008113]\n",
      "[0.29456402 0.34539316 0.1920252  0.05459889 0.11341873]\n",
      "[0.34995124 0.14057649 0.32484613 0.10372205 0.08090409]\n",
      "[0.02302184 0.22861442 0.20792785 0.24726362 0.29317227]\n",
      "[0.07581108 0.11516099 0.2201375  0.33000384 0.2588866 ]\n",
      "[0.04496167 0.17275065 0.2050749  0.36125384 0.21595893]\n",
      "[0.27754375 0.16297158 0.22053389 0.26058519 0.07836559]\n",
      "[0.05319771 0.32920773 0.21585371 0.23157738 0.17016347]\n",
      "[0.08457184 0.15166132 0.08653726 0.24013534 0.43709423]\n",
      "[0.26383688 0.23729495 0.14724845 0.33244407 0.01917566]\n",
      "[0.15335245 0.136394   0.32126925 0.06037227 0.32861202]\n",
      "[0.03417927 0.32879924 0.34880229 0.2843319  0.00388731]\n",
      "[0.24519876 0.20506817 0.17860378 0.11390712 0.25722218]\n",
      "[0.0658519  0.01708938 0.23034056 0.52197052 0.16474764]\n",
      "[0.24782243 0.14291216 0.08071807 0.06178218 0.46676516]\n",
      "[0.14465992 0.20262895 0.27784628 0.15993116 0.21493369]\n",
      "[0.04190867 0.03378635 0.44882875 0.32254571 0.15293052]\n",
      "[0.23698278 0.3763577  0.26918663 0.05690533 0.06056756]\n",
      "[0.16338497 0.05892938 0.02029177 0.39347536 0.36391851]\n",
      "[0.1557383  0.31704025 0.30561043 0.1184329  0.10317812]\n",
      "[0.13261099 0.28268747 0.16528431 0.15693717 0.26248006]\n",
      "[0.18710652 0.01060812 0.18591508 0.40146085 0.21490943]\n",
      "[0.26397078 0.02465792 0.33977218 0.24881861 0.12278051]\n",
      "[0.23930032 0.21828995 0.0348094  0.17167337 0.33592696]\n",
      "[0.2815565  0.11815182 0.2682311  0.20741211 0.12464848]\n",
      "[0.23399163 0.02849562 0.49207374 0.08453026 0.16090875]\n",
      "[0.36214152 0.12987774 0.28622901 0.10336155 0.11839018]\n",
      "[0.04135891 0.08224426 0.28836915 0.28718955 0.30083813]\n",
      "[0.1385746  0.18253147 0.11700237 0.24871304 0.31317852]\n",
      "[0.08715534 0.14710173 0.20454364 0.1846903  0.376509  ]\n",
      "[0.12152692 0.05707062 0.3453419  0.36032773 0.11573283]\n",
      "[0.37454287 0.42372629 0.05022334 0.00116542 0.15034208]\n",
      "[0.36144877 0.06219313 0.25360568 0.01381524 0.30893718]\n",
      "[0.36029697 0.15058214 0.10251786 0.21597231 0.17063073]\n",
      "[0.04510987 0.10255359 0.29445226 0.29622718 0.26165709]\n",
      "[0.14113647 0.32659353 0.19975167 0.22632171 0.10619663]\n",
      "[0.25105984 0.29498643 0.16120521 0.20127365 0.09147488]\n",
      "[0.21520153 0.10249304 0.04963913 0.42769231 0.20497399]\n",
      "[0.26035716 0.20144598 0.25079044 0.26466826 0.02273817]\n",
      "[0.09696016 0.31513361 0.31275932 0.16817277 0.10697414]\n",
      "[0.06983236 0.03044153 0.25538113 0.22721156 0.41713342]\n",
      "[0.07142729 0.35190728 0.14366854 0.25671329 0.1762836 ]\n",
      "[0.1918027  0.21863169 0.23821676 0.08315523 0.26819362]\n",
      "[0.0922388  0.23982343 0.20819801 0.26295433 0.19678542]\n",
      "[0.03524179 0.2988132  0.15121437 0.19895529 0.31577535]\n",
      "[0.26894392 0.0601164  0.24885467 0.32204385 0.10004116]\n",
      "[0.28899095 0.18978575 0.11174097 0.23762955 0.17185279]\n",
      "[0.00733795 0.15071147 0.34526789 0.15010776 0.34657493]\n",
      "[0.19717272 0.0515147  0.28251449 0.24708838 0.22170971]\n",
      "[0.25723029 0.39105681 0.00852522 0.12747219 0.21571549]\n",
      "[0.29492119 0.29346101 0.11536036 0.04652255 0.2497349 ]\n",
      "[0.47722045 0.06300082 0.0511652  0.17044134 0.23817219]\n",
      "[0.18859929 0.28059306 0.21056896 0.04029145 0.27994724]\n",
      "[0.33101319 0.01016696 0.43980521 0.05676254 0.16225209]\n",
      "[0.46388072 0.39462889 0.05270599 0.00515656 0.08362784]\n",
      "[0.0858366  0.14759096 0.119374   0.36631465 0.28088378]\n",
      "[0.48922788 0.09725536 0.1758717  0.12149672 0.11614834]\n",
      "[0.20966553 0.37282108 0.08535332 0.11026569 0.22189438]\n",
      "[0.34101973 0.00879752 0.21652995 0.06555303 0.36809977]\n",
      "[0.32420515 0.01297917 0.32632162 0.10914585 0.22734821]\n",
      "[0.23920479 0.23891032 0.17474784 0.17765814 0.16947891]\n",
      "[0.28478373 0.16639457 0.15349962 0.11791744 0.27740463]\n",
      "[0.00255969 0.40056542 0.3787698  0.13830912 0.07979596]\n",
      "[0.31588723 0.25402694 0.14791548 0.21371897 0.06845138]\n",
      "[0.23960577 0.27738781 0.22877026 0.17258836 0.08164781]\n",
      "[0.04136614 0.26599399 0.26358128 0.19011434 0.23894425]\n",
      "[0.23779138 0.10383984 0.27119148 0.33167562 0.05550167]\n",
      "[0.26023863 0.18384993 0.11400961 0.43994501 0.00195682]\n",
      "[0.29345778 0.2098538  0.25150585 0.21679632 0.02838625]\n",
      "[0.19681087 0.22495054 0.26460866 0.24680465 0.06682528]\n",
      "[0.13973305 0.1977977  0.39142247 0.17535079 0.09569599]\n",
      "[0.06147072 0.16728473 0.36755826 0.30628182 0.09740448]\n",
      "[0.0024319  0.26714981 0.23499212 0.41493133 0.08049484]\n",
      "[0.01626053 0.2458206  0.00159566 0.27421561 0.46210761]\n",
      "[0.09712921 0.08085868 0.22524656 0.29422155 0.302544  ]\n",
      "[0.37462066 0.18124757 0.0797264  0.22224717 0.1421582 ]\n",
      "[1.76012994e-01 7.25934485e-02 8.33300383e-05 4.91469326e-01\n",
      " 2.59840902e-01]\n",
      "[0.23699297 0.16711776 0.21427817 0.21116928 0.17044182]\n",
      "[0.06111672 0.33052738 0.18548243 0.22822106 0.19465241]\n",
      "[0.27201565 0.10998877 0.11341209 0.08425167 0.42033181]\n",
      "[0.1676527  0.23763367 0.23950787 0.11659128 0.23861449]\n",
      "[0.36175034 0.12018305 0.23234393 0.16854746 0.11717522]\n",
      "[0.17535269 0.26507754 0.12888131 0.31702451 0.11366395]\n",
      "[0.08434682 0.38471332 0.30793936 0.20649136 0.01650914]\n",
      "[0.22236871 0.04125394 0.21312895 0.20639154 0.31685686]\n",
      "[0.01695913 0.27565324 0.0472374  0.34814882 0.3120014 ]\n",
      "[0.08974764 0.08385214 0.30212039 0.39063867 0.13364116]\n",
      "[0.2876367  0.27971464 0.11574706 0.1930981  0.1238035 ]\n",
      "[0.2733943  0.27177762 0.1607004  0.02708351 0.26704416]\n",
      "[0.10740489 0.1030458  0.32827748 0.34092149 0.12035034]\n",
      "[0.31659379 0.37648002 0.10432712 0.19673396 0.00586511]\n",
      "[0.24919908 0.29921986 0.13568085 0.29486303 0.02103718]\n",
      "[0.23286769 0.21402472 0.2297064  0.04830195 0.27509925]\n",
      "[0.14526237 0.12008005 0.18959153 0.21671556 0.32835048]\n",
      "[0.16248119 0.25845497 0.3257685  0.11857507 0.13472027]\n",
      "[0.10621795 0.26175939 0.28924441 0.10218407 0.24059418]\n",
      "[0.14341462 0.37245805 0.31257343 0.11586535 0.05568855]\n",
      "[0.08293782 0.31782946 0.32010688 0.13573399 0.14339184]\n",
      "[0.16866924 0.14022781 0.24193146 0.05585697 0.39331452]\n",
      "[0.06113813 0.21571569 0.25442881 0.25373983 0.21497753]\n",
      "[0.18474066 0.1388946  0.2111679  0.25038239 0.21481446]\n",
      "[0.45750778 0.04422525 0.09476449 0.17381814 0.22968433]\n",
      "[0.1998453  0.33578527 0.02901839 0.30955046 0.12580057]\n",
      "[0.27414833 0.24836821 0.20284392 0.07657921 0.19806033]\n",
      "[0.22634051 0.06199508 0.06240479 0.35732678 0.29193284]\n",
      "[0.0434558  0.29083883 0.30862211 0.2690511  0.08803217]\n",
      "[0.29446516 0.25242563 0.22548603 0.12441844 0.10320474]\n",
      "[0.55011497 0.02337589 0.15524347 0.21134388 0.05992179]\n",
      "[0.36067241 0.06789821 0.13989231 0.08594845 0.34558862]\n",
      "[0.19678749 0.41694285 0.2247043  0.02705655 0.13450881]\n",
      "[0.19949611 0.21606216 0.23344811 0.21236684 0.13862678]\n",
      "[0.26532444 0.35035881 0.1392618  0.0893132  0.15574176]\n",
      "[0.09627289 0.34136388 0.25521807 0.01404639 0.29309877]\n",
      "[0.22078954 0.14422542 0.1841752  0.34362069 0.10718915]\n",
